# Created by Octave 4.0.2, Tue Jun 14 11:55:19 2016 PDT <prajjwaldangal@dhcp-visitor-222-81.slac.stanford.edu>
# name: v
# type: matrix
# rows: 1
# columns: 10
 -5.109176660105592 -7.851116800043551 -6.671098948997457 -3.701033774053744 -8.520864455566485 -6.266143657327092 -4.080595050327724 -4.870082571450651 -8.51680035930324 2.287124589817752


